[gd_scene load_steps=9 format=3 uid="uid://cjmqe23n306kp"]

[ext_resource type="PackedScene" uid="uid://ddbnnkfv7j6kv" path="res://scenes/segment.tscn" id="1_og23d"]
[ext_resource type="PackedScene" uid="uid://8pf7dohkq5r5" path="res://assets/models/KayKit_HalloweenBits_1.0_FREE/Assets/fbx/fence.fbx" id="2_mh55p"]
[ext_resource type="PackedScene" uid="uid://co2cmgkm58g2n" path="res://assets/models/KayKit_HalloweenBits_1.0_FREE/Assets/fbx/path_D.fbx" id="3_akwmf"]
[ext_resource type="PackedScene" uid="uid://wmetwhfg1wjp" path="res://assets/models/KayKit_HalloweenBits_1.0_FREE/Assets/fbx/tree_pine_orange_small.fbx" id="4_bfxa1"]
[ext_resource type="PackedScene" uid="uid://ba2gcn71t1lvq" path="res://assets/models/KayKit_HalloweenBits_1.0_FREE/Assets/fbx/tree_pine_yellow_medium.fbx" id="5_fgmoe"]
[ext_resource type="PackedScene" uid="uid://bqxdgjmcw4m64" path="res://assets/models/KayKit_HalloweenBits_1.0_FREE/Assets/fbx/tree_pine_yellow_small.fbx" id="6_85mvf"]
[ext_resource type="PackedScene" uid="uid://cprgsniy86yia" path="res://scenes/objects/pickups/spawners/basic.tscn" id="7_mh55p"]
[ext_resource type="PackedScene" uid="uid://busy2ftsx218w" path="res://scenes/objects/npcs/wandering_soot.tscn" id="8_akwmf"]

[node name="Segment" instance=ExtResource("1_og23d")]

[node name="LeftFence" type="Node3D" parent="Map" index="0"]

[node name="LongFence1" type="Node3D" parent="Map/LeftFence" index="0"]

[node name="Fence1" parent="Map/LeftFence/LongFence1" index="0" instance=ExtResource("2_mh55p")]
transform = Transform3D(-4.37114e-08, 0, -1, 0, 1, 0, 1, 0, -4.37114e-08, -3, 0, -1.7375)

[node name="Fence2" parent="Map/LeftFence/LongFence1" index="1" instance=ExtResource("2_mh55p")]
transform = Transform3D(-4.37114e-08, 0, -1, 0, 1, 0, 1, 0, -4.37114e-08, -3, 0, 1.75814)

[node name="Stones" parent="Map/LeftFence/LongFence1" index="2" instance=ExtResource("3_akwmf")]
transform = Transform3D(0.420814, 0.0174782, -0.906978, -4.97283e-10, 0.999814, 0.0192672, 0.907147, -0.00810792, 0.420736, -2.82753, -0.032434, 1.04281)

[node name="LongFence2" type="Node3D" parent="Map/LeftFence" index="1"]

[node name="Fence1" parent="Map/LeftFence/LongFence2" index="0" instance=ExtResource("2_mh55p")]
transform = Transform3D(1, 0, 0, 0, 1, 0, 0, 0, 1, -4.76375, 0, -3.49014)

[node name="Fence2" parent="Map/LeftFence/LongFence2" index="1" instance=ExtResource("2_mh55p")]
transform = Transform3D(1, 0, 0, 0, 1, 0, 0, 0, 1, -8.26589, 0, -3.49221)

[node name="Stones" parent="Map/LeftFence/LongFence2" index="2" instance=ExtResource("3_akwmf")]
transform = Transform3D(0.614096, 0.0255365, 0.788818, -0.00574491, 0.999595, -0.0278875, -0.78921, 0.0125939, 0.613994, -3.03972, -0.0688558, -3.5797)

[node name="LongFence3" type="Node3D" parent="Map/LeftFence" index="2"]

[node name="Fence1" parent="Map/LeftFence/LongFence3" index="0" instance=ExtResource("2_mh55p")]
transform = Transform3D(1, 0, 0, 0, 1, 0, 0, 0, 1, -4.74538, 0, 3.51251)

[node name="Fence2" parent="Map/LeftFence/LongFence3" index="1" instance=ExtResource("2_mh55p")]
transform = Transform3D(1, 0, 0, 0, 1, 0, 0, 0, 1, -8.24752, 0, 3.51044)

[node name="Stones" parent="Map/LeftFence/LongFence3" index="2" instance=ExtResource("3_akwmf")]
transform = Transform3D(0.0241941, 0.0234616, 0.999432, -0.0167004, 0.999595, -0.0230611, -0.999567, -0.016133, 0.0245764, -3.26413, -0.0232964, 3.56935)

[node name="Pines" type="Node3D" parent="Map/LeftFence" index="3"]
transform = Transform3D(0.991479, 0.130267, 0, -0.130055, 0.989869, 0.0569716, 0.0074215, -0.0564861, 0.998376, -4.53123, 0, 2.337)

[node name="Pine1" parent="Map/LeftFence/Pines" index="0" instance=ExtResource("4_bfxa1")]
transform = Transform3D(1, 1.94996e-09, 0, 1.76078e-08, 1, 0, -9.31323e-10, 7.45058e-09, 1, 0, 0, 0)

[node name="Pine2" parent="Map/LeftFence/Pines" index="1" instance=ExtResource("5_fgmoe")]
transform = Transform3D(0.99937, -0.0279691, 0.0218544, 0.0312204, 0.985574, -0.166337, -0.0168869, 0.166915, 0.985826, -0.214433, 0.182824, -3.66603)

[node name="Pine3" parent="Map/LeftFence/Pines" index="2" instance=ExtResource("6_85mvf")]
transform = Transform3D(0.991479, -0.130055, 0.00742151, 0.130267, 0.989868, -0.0564861, -1.35042e-08, 0.0569715, 0.998376, -3.61604, -0.461071, -0.243703)

[node name="RightFence" type="Node3D" parent="Map" index="1"]

[node name="LongFence4" type="Node3D" parent="Map/RightFence" index="0"]

[node name="Fence1" parent="Map/RightFence/LongFence4" index="0" instance=ExtResource("2_mh55p")]
transform = Transform3D(1, 0, 0, 0, 1, 0, 0, 0, 1, 8.26185, 0, -3.47157)

[node name="Fence2" parent="Map/RightFence/LongFence4" index="1" instance=ExtResource("2_mh55p")]
transform = Transform3D(1, 0, 0, 0, 1, 0, 0, 0, 1, 4.75971, 0, -3.47365)

[node name="LongFence5" type="Node3D" parent="Map/RightFence" index="1"]

[node name="Fence1" parent="Map/RightFence/LongFence5" index="0" instance=ExtResource("2_mh55p")]
transform = Transform3D(1, 0, 0, 0, 1, 0, 0, 0, 1, 8.24354, 0, 3.51438)

[node name="Fence2" parent="Map/RightFence/LongFence5" index="1" instance=ExtResource("2_mh55p")]
transform = Transform3D(1, 0, 0, 0, 1, 0, 0, 0, 1, 4.7414, 0, 3.5123)

[node name="LongFence6" type="Node3D" parent="Map/RightFence" index="2"]

[node name="Fence1" parent="Map/RightFence/LongFence6" index="0" instance=ExtResource("2_mh55p")]
transform = Transform3D(-4.37114e-08, 0, -1, 0, 1, 0, 1, 0, -4.37114e-08, 3, 0, -1.7375)

[node name="Fence2" parent="Map/RightFence/LongFence6" index="1" instance=ExtResource("2_mh55p")]
transform = Transform3D(-4.37114e-08, 0, -1, 0, 1, 0, 1, 0, -4.37114e-08, 3, 0, 1.75814)

[node name="Stones1" parent="Map/RightFence/LongFence6" index="2" instance=ExtResource("3_akwmf")]
transform = Transform3D(0.812578, -0.0115875, -0.582736, -0.00574491, 0.999595, -0.0278875, 0.582823, 0.0260086, 0.812183, 2.91613, -0.0688558, -1.28824)

[node name="Stones2" parent="Map/RightFence/LongFence6" index="3" instance=ExtResource("3_akwmf")]
transform = Transform3D(0.454465, -0.0222316, -0.890488, -0.00574491, 0.999595, -0.0278875, 0.890746, 0.0177897, 0.454153, 2.88836, -0.0688558, 3.44195)

[node name="Pines" type="Node3D" parent="Map/RightFence" index="3"]

[node name="Pine1" parent="Map/RightFence/Pines" index="0" instance=ExtResource("4_bfxa1")]
transform = Transform3D(1, 0, 0, 0, 0.999612, -0.0278519, 0, 0.0278519, 0.999612, 4.39227, 0, -2.2807)

[node name="Pine2" parent="Map/RightFence/Pines" index="1" instance=ExtResource("6_85mvf")]
transform = Transform3D(1, 0, 0, 0, 1, 0, 0, 0, 1, 7.71588, 0, 2.32855)

[node name="Pine3" parent="Map/RightFence/Pines" index="2" instance=ExtResource("5_fgmoe")]
transform = Transform3D(0.997819, -0.0660127, 0, 0.0658609, 0.995525, 0.0677715, -0.00447378, -0.0676237, 0.997701, 4.77067, 0, 1.6547)

[node name="PickupSpawner1" parent="Pickups" index="0" instance=ExtResource("7_mh55p")]
transform = Transform3D(1, 0, 0, 0, 1, 0, 0, 0, 1, -2.11736, 0, 0.836715)
loot_pool = 2
loot_chances = 0

[node name="PickupSpawner2" parent="Pickups" index="1" instance=ExtResource("7_mh55p")]
transform = Transform3D(1, 0, 0, 0, 1, 0, 0, 0, 1, 2.23855, 0, -2.10905)
loot_pool = 2
loot_chances = 0

[node name="WanderingSoot" parent="." index="5" instance=ExtResource("8_akwmf")]
transform = Transform3D(1, 0, 0, 0, 1, 0, 0, 0, 1, -3.58098, -1.19209e-07, 4.33167)

[node name="WanderingSoot2" parent="." index="6" instance=ExtResource("8_akwmf")]
transform = Transform3D(1, 0, 0, 0, 1, 0, 0, 0, 1, 3.57363, 0, 4.51188)

[node name="WanderingSoot3" parent="." index="7" instance=ExtResource("8_akwmf")]
transform = Transform3D(1, 0, 0, 0, 1, 0, 0, 0, 1, -2.43366, 2.38419e-07, 2.24179)
