[gd_scene load_steps=9 format=3 uid="uid://bcfx2bqjm8q3l"]

[ext_resource type="PackedScene" uid="uid://ddbnnkfv7j6kv" path="res://scenes/segment.tscn" id="1_qqgw8"]
[ext_resource type="PackedScene" uid="uid://8pf7dohkq5r5" path="res://assets/models/KayKit_HalloweenBits_1.0_FREE/Assets/fbx/fence.fbx" id="2_61jsm"]
[ext_resource type="PackedScene" uid="uid://co2cmgkm58g2n" path="res://assets/models/KayKit_HalloweenBits_1.0_FREE/Assets/fbx/path_D.fbx" id="3_xy1ru"]
[ext_resource type="PackedScene" uid="uid://wmetwhfg1wjp" path="res://assets/models/KayKit_HalloweenBits_1.0_FREE/Assets/fbx/tree_pine_orange_small.fbx" id="4_d6s58"]
[ext_resource type="PackedScene" uid="uid://ba2gcn71t1lvq" path="res://assets/models/KayKit_HalloweenBits_1.0_FREE/Assets/fbx/tree_pine_yellow_medium.fbx" id="5_glvso"]
[ext_resource type="PackedScene" uid="uid://bqxdgjmcw4m64" path="res://assets/models/KayKit_HalloweenBits_1.0_FREE/Assets/fbx/tree_pine_yellow_small.fbx" id="6_5m6wc"]
[ext_resource type="PackedScene" uid="uid://cprgsniy86yia" path="res://scenes/objects/pickups/spawners/basic.tscn" id="7_61jsm"]
[ext_resource type="PackedScene" uid="uid://busy2ftsx218w" path="res://scenes/objects/npcs/wandering_soot.tscn" id="8_xy1ru"]

[node name="Segment" instance=ExtResource("1_qqgw8")]

[node name="RightFence" type="Node3D" parent="Map" index="0"]

[node name="LongFence4" type="Node3D" parent="Map/RightFence" index="0"]

[node name="Fence1" parent="Map/RightFence/LongFence4" index="0" instance=ExtResource("2_61jsm")]
transform = Transform3D(1, 0, 0, 0, 1, 0, 0, 0, 1, 8.26185, 0, -3.47157)

[node name="Fence2" parent="Map/RightFence/LongFence4" index="1" instance=ExtResource("2_61jsm")]
transform = Transform3D(1, 0, 0, 0, 1, 0, 0, 0, 1, 4.75971, 0, -3.47365)

[node name="LongFence5" type="Node3D" parent="Map/RightFence" index="1"]

[node name="Fence1" parent="Map/RightFence/LongFence5" index="0" instance=ExtResource("2_61jsm")]
transform = Transform3D(1, 0, 0, 0, 1, 0, 0, 0, 1, 8.24354, 0, 3.51438)

[node name="Fence2" parent="Map/RightFence/LongFence5" index="1" instance=ExtResource("2_61jsm")]
transform = Transform3D(1, 0, 0, 0, 1, 0, 0, 0, 1, 4.7414, 0, 3.5123)

[node name="LongFence6" type="Node3D" parent="Map/RightFence" index="2"]

[node name="Fence1" parent="Map/RightFence/LongFence6" index="0" instance=ExtResource("2_61jsm")]
transform = Transform3D(-4.37114e-08, 0, -1, 0, 1, 0, 1, 0, -4.37114e-08, 3, 0, -1.7375)

[node name="Fence2" parent="Map/RightFence/LongFence6" index="1" instance=ExtResource("2_61jsm")]
transform = Transform3D(-4.37114e-08, 0, -1, 0, 1, 0, 1, 0, -4.37114e-08, 3, 0, 1.75814)

[node name="Stones1" parent="Map/RightFence/LongFence6" index="2" instance=ExtResource("3_xy1ru")]
transform = Transform3D(0.812578, -0.0115875, -0.582736, -0.00574491, 0.999595, -0.0278875, 0.582823, 0.0260086, 0.812183, 2.91613, -0.0688558, -1.28824)

[node name="Stones2" parent="Map/RightFence/LongFence6" index="3" instance=ExtResource("3_xy1ru")]
transform = Transform3D(0.454465, -0.0222316, -0.890488, -0.00574491, 0.999595, -0.0278875, 0.890746, 0.0177897, 0.454153, 2.88836, -0.0688558, 3.44195)

[node name="Pines" type="Node3D" parent="Map/RightFence" index="3"]

[node name="Pine1" parent="Map/RightFence/Pines" index="0" instance=ExtResource("4_d6s58")]
transform = Transform3D(1, 0, 0, 0, 0.999612, -0.0278519, 0, 0.0278519, 0.999612, 4.39227, 0, -2.2807)

[node name="Pine2" parent="Map/RightFence/Pines" index="1" instance=ExtResource("6_5m6wc")]
transform = Transform3D(1, 0, 0, 0, 1, 0, 0, 0, 1, 7.71588, 0, 2.32855)

[node name="Pine3" parent="Map/RightFence/Pines" index="2" instance=ExtResource("5_glvso")]
transform = Transform3D(0.997819, -0.0660127, 0, 0.0658609, 0.995525, 0.0677715, -0.00447378, -0.0676237, 0.997701, 4.77067, 0, 1.6547)

[node name="PickupSpawner" parent="Pickups" index="0" instance=ExtResource("7_61jsm")]
transform = Transform3D(1, 0, 0, 0, 1, 0, 0, 0, 1, 2.11457, 0, -1.18789)
loot_pool = 2
loot_chances = 1

[node name="WanderingSoot" parent="Pickups" index="1" instance=ExtResource("8_xy1ru")]
transform = Transform3D(1, 0, 0, 0, 1, 0, 0, 0, 1, 3.95399, 0, -4.19062)
