[gd_scene load_steps=7 format=3 uid="uid://bma0qdnga3ccy"]

[ext_resource type="PackedScene" uid="uid://gql0puhwlmgy" path="res://assets/models/KayKit_HalloweenBits_1.0_FREE/Assets/fbx/arch.fbx" id="1_uvyf7"]
[ext_resource type="PackedScene" uid="uid://ddbnnkfv7j6kv" path="res://scenes/segment.tscn" id="1_w2n8i"]
[ext_resource type="PackedScene" uid="uid://8pf7dohkq5r5" path="res://assets/models/KayKit_HalloweenBits_1.0_FREE/Assets/fbx/fence.fbx" id="3_83rw6"]
[ext_resource type="PackedScene" uid="uid://co2cmgkm58g2n" path="res://assets/models/KayKit_HalloweenBits_1.0_FREE/Assets/fbx/path_D.fbx" id="4_us6uf"]
[ext_resource type="PackedScene" uid="uid://b0eklsk7miusi" path="res://assets/models/KayKit_HalloweenBits_1.0_FREE/Assets/fbx/lantern_hanging.fbx" id="5_w2n8i"]
[ext_resource type="PackedScene" uid="uid://c7kponlvjrj85" path="res://scenes/objects/generic/light.tscn" id="6_xv3ad"]

[node name="Segment" instance=ExtResource("1_w2n8i")]

[node name="Arch" parent="Map" index="0" instance=ExtResource("1_uvyf7")]

[node name="Stones1" parent="Map/Arch" index="1" instance=ExtResource("4_us6uf")]
transform = Transform3D(0.420814, 0.0174782, -0.906978, -4.97283e-10, 0.999814, 0.0192672, 0.907147, -0.00810792, 0.420736, -2.79992, -0.032434, 0.161376)

[node name="Stones2" parent="Map/Arch" index="2" instance=ExtResource("4_us6uf")]
transform = Transform3D(-0.73958, 0.00317153, 0.673061, -0.0167004, 0.999595, -0.0230611, -0.672861, -0.0282959, -0.739227, -1.57809, -0.0102827, -0.213758)

[node name="Stones3" parent="Map/Arch" index="3" instance=ExtResource("4_us6uf")]
transform = Transform3D(0.87719, 0.018427, 0.479789, -0.00574491, 0.999595, -0.0278875, -0.480108, 0.0217063, 0.876941, 1.66525, -0.0688558, 0.0815379)

[node name="HangingLantern" parent="Map/Arch" index="4" instance=ExtResource("5_w2n8i")]
transform = Transform3D(0.781179, 0, 0.172511, 0, 0.8, 0, -0.172511, 0, 0.781179, 0, 3.6, 0)

[node name="Light" parent="Map/Arch/HangingLantern" index="1" groups=["lights"] instance=ExtResource("6_xv3ad")]
transform = Transform3D(1, 0, 7.15256e-08, 0, 1, 0, -7.15256e-08, 0, 1, -0.25, -1, 0.25)
intensity = 4.0

[node name="Fence1" parent="Map" index="1" instance=ExtResource("3_83rw6")]
transform = Transform3D(1, 0, 0, 0, 1, 0, 0, 0, 1, 3.50281, 0, 0.00198889)

[node name="Fence2" parent="Map" index="2" instance=ExtResource("3_83rw6")]
transform = Transform3D(1, 0, 0, 0, 1, 0, 0, 0, 1, 7.00277, 0, 0.00198889)

[node name="Fence3" parent="Map" index="3" instance=ExtResource("3_83rw6")]
transform = Transform3D(1, 0, 0, 0, 1, 0, 0, 0, 1, -7.02164, 0, 0.00198889)

[node name="Fence4" parent="Map" index="4" instance=ExtResource("3_83rw6")]
transform = Transform3D(1, 0, 0, 0, 1, 0, 0, 0, 1, -3.52074, 0, 0.00198889)
