[gd_scene load_steps=8 format=3 uid="uid://74k7i3mpyd8h"]

[ext_resource type="PackedScene" uid="uid://ddbnnkfv7j6kv" path="res://scenes/segment.tscn" id="1_2m7gn"]
[ext_resource type="PackedScene" uid="uid://gql0puhwlmgy" path="res://assets/models/KayKit_HalloweenBits_1.0_FREE/Assets/fbx/arch.fbx" id="1_r8pmd"]
[ext_resource type="PackedScene" uid="uid://bhb3nrlj1xkmj" path="res://assets/models/KayKit_HalloweenBits_1.0_FREE/Assets/fbx/fence_broken.fbx" id="2_2m7gn"]
[ext_resource type="PackedScene" uid="uid://8pf7dohkq5r5" path="res://assets/models/KayKit_HalloweenBits_1.0_FREE/Assets/fbx/fence.fbx" id="3_ub14i"]
[ext_resource type="PackedScene" uid="uid://co2cmgkm58g2n" path="res://assets/models/KayKit_HalloweenBits_1.0_FREE/Assets/fbx/path_D.fbx" id="4_i8qev"]
[ext_resource type="PackedScene" uid="uid://cprgsniy86yia" path="res://scenes/objects/pickups/spawners/basic.tscn" id="6_ub14i"]
[ext_resource type="PackedScene" uid="uid://busy2ftsx218w" path="res://scenes/objects/npcs/wandering_soot.tscn" id="7_i8qev"]

[node name="Segment" instance=ExtResource("1_2m7gn")]

[node name="Arch" parent="Map" index="0" instance=ExtResource("1_r8pmd")]

[node name="BrokenFence" parent="Map" index="1" instance=ExtResource("2_2m7gn")]
transform = Transform3D(1, 0, 0, 0, 1, 0, 0, 0, 1, -3.52284, 0, 0.000121534)

[node name="Stones1" parent="Map/BrokenFence" index="1" instance=ExtResource("4_i8qev")]
transform = Transform3D(0.092162, 0.0191852, -0.995559, 2.32831e-10, 0.999814, 0.0192672, 0.995744, -0.00177571, 0.0921449, -0.48921, -0.032434, -0.208056)

[node name="Stones2" parent="Map/BrokenFence" index="2" instance=ExtResource("4_i8qev")]
transform = Transform3D(0.956036, 0.0227177, 0.292367, -0.0167004, 0.999595, -0.0230611, -0.292772, 0.0171646, 0.956028, 1.39125, -0.0102827, -0.21388)

[node name="Fence1" parent="Map" index="2" instance=ExtResource("3_ub14i")]
transform = Transform3D(1, 0, 0, 0, 1, 0, 0, 0, 1, 3.50281, 0, 0.00198889)

[node name="Stones" parent="Map/Fence1" index="1" instance=ExtResource("4_i8qev")]
transform = Transform3D(0.66415, 0.0246628, 0.747192, -0.00574491, 0.999595, -0.0278875, -0.747577, 0.0142289, 0.664023, -0.62018, -0.0688558, 0.265493)

[node name="Fence2" parent="Map" index="3" instance=ExtResource("3_ub14i")]
transform = Transform3D(1, 0, 0, 0, 1, 0, 0, 0, 1, 7.00277, 0, 0.00198889)

[node name="Fence3" parent="Map" index="4" instance=ExtResource("3_ub14i")]
transform = Transform3D(1, 0, 0, 0, 1, 0, 0, 0, 1, -7.02164, 0, 0.00198889)

[node name="PickupSpawner1" parent="Pickups" index="0" instance=ExtResource("6_ub14i")]
transform = Transform3D(1, 0, 0, 0, 1, 0, 0, 0, 1, -4.17955, 2.38419e-07, 1.05209)
loot_pool = 2
loot_chances = 1

[node name="PickupSpawner2" parent="Pickups" index="1" instance=ExtResource("6_ub14i")]
transform = Transform3D(1, 0, 0, 0, 1, 0, 0, 0, 1, -3.10114, 2.38419e-07, 0.885579)
loot_pool = 2
loot_chances = 1

[node name="PickupSpawner3" parent="Pickups" index="2" instance=ExtResource("6_ub14i")]
transform = Transform3D(1, 0, 0, 0, 1, 0, 0, 0, 1, -4.05142, 0, -1.4533)
loot_pool = 2
loot_chances = 1

[node name="WanderingSoot" parent="." index="5" instance=ExtResource("7_i8qev")]
transform = Transform3D(1, 0, 0, 0, 1, 0, 0, 0, 1, -5.53973, 0, 0.814803)

[node name="WanderingSoot2" parent="." index="6" instance=ExtResource("7_i8qev")]
transform = Transform3D(1, 0, 0, 0, 1, 0, 0, 0, 1, -1.5568, 0, -0.935287)

[node name="WanderingSoot3" parent="." index="7" instance=ExtResource("7_i8qev")]
transform = Transform3D(1, 0, 0, 0, 1, 0, 0, 0, 1, 3.21823, 0, 0.55154)
