[gd_scene load_steps=6 format=3 uid="uid://74k7i3mpyd8h"]

[ext_resource type="PackedScene" uid="uid://ddbnnkfv7j6kv" path="res://scenes/segment.tscn" id="1_2m7gn"]
[ext_resource type="PackedScene" uid="uid://gql0puhwlmgy" path="res://assets/models/KayKit_HalloweenBits_1.0_FREE/Assets/fbx/arch.fbx" id="1_r8pmd"]
[ext_resource type="PackedScene" uid="uid://bhb3nrlj1xkmj" path="res://assets/models/KayKit_HalloweenBits_1.0_FREE/Assets/fbx/fence_broken.fbx" id="2_2m7gn"]
[ext_resource type="PackedScene" uid="uid://8pf7dohkq5r5" path="res://assets/models/KayKit_HalloweenBits_1.0_FREE/Assets/fbx/fence.fbx" id="3_ub14i"]
[ext_resource type="PackedScene" uid="uid://co2cmgkm58g2n" path="res://assets/models/KayKit_HalloweenBits_1.0_FREE/Assets/fbx/path_D.fbx" id="4_i8qev"]

[node name="Segment" instance=ExtResource("1_2m7gn")]

[node name="arch" parent="." index="1" instance=ExtResource("1_r8pmd")]

[node name="fence_broken" parent="." index="2" instance=ExtResource("2_2m7gn")]
transform = Transform3D(1, 0, 0, 0, 1, 0, 0, 0, 1, -3.52284, 0, 0.000121534)

[node name="fence" parent="." index="3" instance=ExtResource("3_ub14i")]
transform = Transform3D(1, 0, 0, 0, 1, 0, 0, 0, 1, 3.50281, 0, 0.00198889)

[node name="fence2" parent="." index="4" instance=ExtResource("3_ub14i")]
transform = Transform3D(1, 0, 0, 0, 1, 0, 0, 0, 1, 7.00277, 0, 0.00198889)

[node name="fence3" parent="." index="5" instance=ExtResource("3_ub14i")]
transform = Transform3D(1, 0, 0, 0, 1, 0, 0, 0, 1, -7.02164, 0, 0.00198889)

[node name="path_D" parent="." index="6" instance=ExtResource("4_i8qev")]
transform = Transform3D(0.092162, 0.0191852, -0.995559, 2.32831e-10, 0.999814, 0.0192672, 0.995744, -0.00177571, 0.0921449, -4.01205, -0.032434, -0.207934)

[node name="path_D2" parent="." index="7" instance=ExtResource("4_i8qev")]
transform = Transform3D(0.956036, 0.0227177, 0.292367, -0.0167004, 0.999595, -0.0230611, -0.292772, 0.0171646, 0.956028, -2.13159, -0.0102827, -0.213758)

[node name="path_D3" parent="." index="8" instance=ExtResource("4_i8qev")]
transform = Transform3D(0.66415, 0.0246628, 0.747192, -0.00574491, 0.999595, -0.0278875, -0.747577, 0.0142289, 0.664023, 2.88263, -0.0688558, 0.267482)
