[gd_scene load_steps=7 format=3 uid="uid://43r0nnev0kv8"]

[ext_resource type="PackedScene" uid="uid://ddbnnkfv7j6kv" path="res://scenes/segment.tscn" id="1_gpx17"]
[ext_resource type="PackedScene" uid="uid://co2cmgkm58g2n" path="res://assets/models/KayKit_HalloweenBits_1.0_FREE/Assets/fbx/path_D.fbx" id="2_8qtq0"]
[ext_resource type="PackedScene" uid="uid://chafeebqvfp1m" path="res://assets/models/KayKit_HalloweenBits_1.0_FREE/Assets/fbx/grave_A.fbx" id="3_8dmij"]
[ext_resource type="PackedScene" uid="uid://dnpgkj5v053kf" path="res://assets/models/KayKit_HalloweenBits_1.0_FREE/Assets/fbx/grave_A_destroyed.fbx" id="4_ladsj"]
[ext_resource type="PackedScene" uid="uid://d4d4rc5mnt7l2" path="res://assets/models/KayKit_HalloweenBits_1.0_FREE/Assets/fbx/gravestone.fbx" id="5_32tkp"]
[ext_resource type="PackedScene" uid="uid://ukmd5em17n3f" path="res://scenes/objects/pickup_spawner.tscn" id="6_8qtq0"]

[node name="Segment" instance=ExtResource("1_gpx17")]

[node name="Grave1" type="Node3D" parent="Map" index="0"]
transform = Transform3D(0.923857, -0.357413, 0.136909, 0.360811, 0.932639, 0, -0.127686, 0.0493981, 0.990584, -6.33726, -0.642357, 0.15086)

[node name="Tombstone" parent="Map/Grave1" index="0" instance=ExtResource("4_ladsj")]
transform = Transform3D(1, -2.51457e-08, 1.49012e-08, 4.56348e-08, 1, 7.45058e-09, -2.98023e-08, 3.72529e-09, 1, 0.146949, -0.0568506, -1.14002)

[node name="Stones1" parent="Map/Grave1" index="1" instance=ExtResource("2_8qtq0")]
transform = Transform3D(0.272941, 0.377926, -0.884689, -0.105593, 0.925818, 0.362919, 0.956218, -0.00563881, 0.292601, -0.0185194, 0.612664, 0.15933)

[node name="Stones2" parent="Map/Grave1" index="2" instance=ExtResource("2_8qtq0")]
transform = Transform3D(-0.684383, 0.372951, -0.62652, 0.264768, 0.927743, 0.263041, 0.679352, 0.0141384, -0.733676, 0.0646696, 0.609945, 0.829872)

[node name="Grave2" type="Node3D" parent="Map" index="1"]
transform = Transform3D(-0.633894, 0.0149017, -0.773276, 3.47563e-10, 0.999814, 0.0192672, 0.77342, 0.0122134, -0.633776, -3.32073, 0, 3.10156)

[node name="Tombstone" parent="Map/Grave2" index="0" instance=ExtResource("5_32tkp")]
transform = Transform3D(-0.632414, 0.0986143, 0.768327, 0.0831307, 0.994775, -0.0592535, -0.770156, 0.0263989, -0.637309, -0.841493, -0.12857, 0.708715)

[node name="Stones1" parent="Map/Grave2" index="1" instance=ExtResource("2_8qtq0")]
transform = Transform3D(-0.788422, -0.0273497, -0.614526, -0.0285449, 0.999562, -0.00786348, 0.614472, 0.0113419, -0.788858, -0.111795, -0.0760711, 0.191489)

[node name="Stones2" parent="Map/Grave2" index="2" instance=ExtResource("2_8qtq0")]
transform = Transform3D(1, 9.31323e-10, 0, 0, 1, 4.65661e-10, -2.98023e-08, 4.65661e-10, 1, 0.577085, -0.0467299, -0.178766)

[node name="Grave3" type="Node3D" parent="Map" index="2"]
transform = Transform3D(-0.633894, 0.0149017, -0.773276, 3.47563e-10, 0.999814, 0.0192672, 0.77342, 0.0122134, -0.633776, -3.39472, 0, -1.64029)

[node name="Tombstone" parent="Map/Grave3" index="0" instance=ExtResource("3_8dmij")]
transform = Transform3D(-0.575284, 0.014109, 0.817832, -0.019579, 0.999327, -0.0310125, -0.817719, -0.0338533, -0.574621, -1.08806, -0.0831783, 0.816022)

[node name="Stones" parent="Map/Grave3" index="1" instance=ExtResource("2_8qtq0")]
transform = Transform3D(-0.999662, -0.00644705, -0.0251518, -0.00623172, 0.999944, -0.00862871, 0.025206, -0.00846902, -0.999647, 0.11661, -0.0676231, -0.064631)

[node name="Grave4" type="Node3D" parent="Map" index="3"]
transform = Transform3D(-0.633894, 0.0149017, -0.773276, 3.47563e-10, 0.999814, 0.0192672, 0.77342, 0.0122134, -0.633776, 2.81967, 0, 1.29652)

[node name="Tombstone" parent="Map/Grave4" index="0" instance=ExtResource("4_ladsj")]
transform = Transform3D(-0.59374, 0.0271278, 0.804199, 0.0611121, 0.998066, 0.0114517, -0.802333, 0.0559457, -0.59425, -1.12349, -0.0587104, 0.673545)

[node name="Stones" parent="Map/Grave4" index="1" instance=ExtResource("2_8qtq0")]
transform = Transform3D(1, 1.86265e-09, 0, 0, 1, 4.65661e-10, -2.98023e-08, 9.31323e-10, 1, -0.00702542, -0.0514522, 0.0662832)

[node name="Grave5" type="Node3D" parent="Map" index="4"]
transform = Transform3D(-0.633894, 0.0149017, -0.773276, 3.47563e-10, 0.999814, 0.0192672, 0.77342, 0.0122134, -0.633776, 6.82464, 0, 3.3715)

[node name="Tombstone" parent="Map/Grave5" index="0" instance=ExtResource("3_8dmij")]
transform = Transform3D(-0.588257, 0.0866452, 0.804019, 0.0877309, 0.995213, -0.0430613, -0.803902, 0.0452062, -0.593043, -1.17832, -0.104108, 0.724049)

[node name="Stones" parent="Map/Grave5" index="1" instance=ExtResource("2_8qtq0")]
transform = Transform3D(1, 9.31323e-10, 0, 0, 1, 4.65661e-10, -2.98023e-08, 4.65661e-10, 1, 0.236367, -0.0799947, 0.0902843)

[node name="Grave6" type="Node3D" parent="Map" index="5"]
transform = Transform3D(-0.633894, 0.0149017, -0.773276, 3.47563e-10, 0.999814, 0.0192672, 0.77342, 0.0122134, -0.633776, 6.17212, 0, -2.00339)

[node name="Tombstone" parent="Map/Grave6" index="0" instance=ExtResource("5_32tkp")]
transform = Transform3D(-0.822114, -0.0750501, 0.564354, 0.0109693, 0.989001, 0.147501, -0.569218, 0.127453, -0.812249, -0.668117, -0.0145858, 0.756888)

[node name="Stones" parent="Map/Grave6" index="1" instance=ExtResource("2_8qtq0")]
transform = Transform3D(-0.185358, 0.0189334, -0.982488, -0.0189333, 0.99956, 0.0228343, 0.982489, 0.0228344, -0.184917, -0.440991, -0.0413218, 0.532166)

[node name="PickupSpawner1" parent="Pickups" index="0" instance=ExtResource("6_8qtq0")]
transform = Transform3D(1, 0, 0, 0, 1, 0, 0, 0, 1, -3.97563, 0, -1.86991)
use_simplified = false
rare_pool = Array[String](["comm_candle"])

[node name="PickupSpawner2" parent="Pickups" index="1" instance=ExtResource("6_8qtq0")]
transform = Transform3D(1, 0, 0, 0, 1, 0, 0, 0, 1, 3.40029, 0, 1.65435)
use_simplified = false
rare_pool = Array[String](["comm_candle"])

[node name="PickupSpawner3" parent="Pickups" index="2" instance=ExtResource("6_8qtq0")]
transform = Transform3D(1, 0, 0, 0, 1, 0, 0, 0, 1, -4.02848, 0, 3.43181)
use_simplified = false
rare_pool = Array[String](["comm_candle"])
